9575
2774
4243
1228
8418
8780
257
2022
207
7525
3482
785
6862
8879
1964
6538
9082
5240
9207
3302
2922
8524
1057
7150
317
3289
7962
284
7832
8067
8974
8238
4260
6814
4009
8116
6044
9690
8762
4918
8853
9129
4361
9824
3361
3217
7149
4004
6033
6055
9650
5600
8877
2395
6549
291
4959
915
2548
8824
9823
7318
4250
1155
5976
2506
4251
3522
6979
8634
1092
8512
5529
2514
8727
8001
7048
3367
223
235
6698
6462
7456
6489
9022
8098
2092
627
2902
1572
9066
5496
7883
6364
2911
5315
5536
9277
1269
3035
6316
8044
7420
4138
6712
7751
2484
677
3938
5457
6756
4825
9270
8741
4512
4320
9542
488
730
8218
7014
3134
572
157
2266
6308
5233
5593
1420
5103
2968
1072
7345
252
1868
1586
783
3134
5724
4055
6603
4138
5906
7876
886
7433
239
2445
6829
7899
4153
1478
4152
9675
9427
80
1048
5781
6360
9507
6484
3111
2162
2320
5899
1285
686
3387
3011
8230
2741
6698
9774
5150
9927
8224
5863
7004
2564
4329
2047
9096
860
1928
9977
2465
6881
8136
7011
4049
4805
9976
4968
4880
6185
7319
6912
8439
6086
278
4261
3314
8972
1521
77
6943
8532
8432
1291
5227
41
3162
7081
7978
9437
1185
10001
8128
4549
7076
6261
8955
7725
7511
4003
6621
2230
9963
2231
7239
7134
7502
6225
5567
8153
9464
3896
8343
329
4276
6086
6472
5206
8937
8373
9525
1718
2832
6651
1941
1267
7374
9968
7402
9231
5795
446
6939
8081
8255
2498
5867
5802
2537
2509
8127
8079
3076
5099
8832
2146
3094
47
2727
1036
1571
6618
3565
6672
2745
8014
6462
2943
3592
9108
7318
7477
7122
2980
2877
2283
7028
4563
310
44
7216
3851
3432
570
6639
4048
7966
2350
945
810
3215
8012
5501
6156
5342
5051
8616
7364
3693
2031
432
7124
1030
173
1451
792
9317
2595
8046
2907
6783
2175
3420
2866
9360
9144
55
5576
4908
3828
9691
3204
5602
431
2127
4007
2336
7785
5563
8698
1813
5556
8461
5342
2987
2674
7872
7651
7210
8427
472
480
9857
998
5255
161
629
7875
9889
7988
8845
1752
1330
7375
9894
8121
440
3385
1296
3210
9157
2373
6281
2507
3830
2688
6993
8065
9120
6302
258
619
6175
7770
1716
3649
3845
9175
8948
5987
5157
9170
2669
2629
3959
6757
454
2298
2329
6659
1671
5440
5240
902
5123
3801
1783
7276
3050
2303
9977
2075
5734
767
3846
6221
5156
3639
2768
814
2510
6194
6891
9996
5195
8739
4690
1723
8394
7056
3249
9064
2710
8366
4909
43
818
4354
8163
3243
9810
6673
3380
272
2816
7240
8099
1951
3878
1572
8399
6452
7949
5218
141
7473
9325
5701
7929
3499
1366
4481
274
3277
5251
4882
4131
4786
4769
6701
9344
3816
2615
6868
2797
98
9143
4729
3262
9967
9144
4263
5188
2296
9787
4920
6271
4996
9999
8933
7239
9860
2650
902
5661
5521
4682
4856
1824
2214
5654
961
9042
2941
5828
9597
7360
8538
1096
6245
6863
7403
2482
5625
2189
1346
3916
904
2633
6277
5728
3917
1848
8262
6459
7576
8781
9175
8882
9231
3594
856
8463
8605
8679
3617
1518
4427
1362
2328
1071
925
677
4303
2426
6724
1908
752
7390
3538
128
6894
8363
4276
600
8522
729
979
8487
2145
9555
1219
3428
1835
5825
4884
2446
4614
8864
3673
6262
9986
6129
8398
186
5977
511
6793
3957
9485
7774
9436
3748
3823
9175
529
3245
5825
1210
6740
2354
6412
9859
4285
9420
6128
3987
566
6589
1890
1925
4761
6799
1365
5218
3884
7316
3523
9718
7458
3515
8038
9416
2187
3137
1413
4367
4803
710
4231
764
9947
4834
8413
7868
2221
1167
792
9134
1606
1430
3865
5200
629
8808
3108
6286
7252
9794
9592
8593
2263
3550
8936
7084
8561
573
6536
6428
5042
676
8188
4247
994
8364
8474
1401
8476
8536
1373
358
7007
7024
1175
76
5376
1728
8801
8983
4527
269
1901
5903
4627
8667
3800
4948
2721
3909
6237
445
5449
2999
3122
2157
2927
9494
6210
5068
2180
8814
5407
1599
1613
7069
4997
7485
9704
3177
7607
1214
8295
7329
8124
826
9097
2088
1231
478
4178
5553
9500
9699
6059
5150
4142
264
9408
5500
9132
3792
8869
426
6641
3118
3657
8721
1240
726
1669
3943
7267
743
7481
6220
4528
2726
8133
4971
9494
1072
5275
7756
2330
1251
3923
5656
5782
8680
9237
7076
7680
3496
2333
7102
9442
7744
3947
6893
853
2100
868
8164
1356
1552
5785
3370
9479
7086
5748
830
3851
809
9398
7757
8928
5347
6488
2062
4928
6862
1898
7706
9182
1859
1490
6585
9237
995
7349
4776
4445
606
6866
3895
9997
8891
7827
9156
2944
4983
3615
3215
1572
2597
782
9522
4249
2287
6395
2924
9656
3984
7078
9783
1854
4413
8682
874
6478
4621
8523
4999
7379
870
8817
9914
9919
9480
2154
704
5689
3994
6741
8480
306
8800
9226
5219
7421
7220
8943
5208
5741
6340
2781
1875
5789
7646
3479
8700
1001
8862
8749
9481
8483
7126
5569
2476
1503
4959
4703
4393
5713
4076
8145
6324
825
8650
5696
8115
5761
5324
4197
9091
1001
3982
9959
9367
556
6272
4506
7152
7401
6898
2175
3040
5006
2083
9893
1618
3867
6350
5805
1744
6011
9867
5300
5916
3188
1013
1848
3873
2144
131
7836
5901
2113
8819
7272
4192
8081
151
1274
8469
7869
330
5514
7085
8424
2281
8221
6675
4608
7751
785
3443
2547
9208
8512
704
936
7486
9484
6643
7441
2197
9276
1758
1106
4045
5841
9567
4933
6767
6307
6764
8659
6029
6785
3670
7064
6190
8849
514
3602
8015
4280
9667
9573
126
2689
6795
6041
932
6195
2197
9728
6793
5230
2743
1814
2027
605
6727
4027
7677
6116
5010
7391
325
1733
3428
7461
2183
6804
6829
9710
2960
4249
1830
6483
5825
420
3941